01111101001100010100100011010000
11011100111110111100100111011100
11100011100011101101111101000010
01111111110101011011111001110001
11001100001110110110011001011001
10001100001111100111111010111000
11111011111111111111111111011000
01110011111111111111000101110010
01111110111111111111100000001101
11011001001100101110000110101000
11101100011101110001000110011001
11101111101011011000001001000000
10110100111011100011001100000101
10101011010110100010001111111011
10100010010011100001011001010101
10111000000000010111101000000000
01101101110001001111000110110110
01001010011000110100101000001101
10111101110110000110101010011110
01011111101111100111101001111000
01010001010100000111000111110111
00111100111101000100000101100011
11000101000011011011001000010110
11101100101011001011111111100010
10011111010110100010101001111100
10101010110010011001110011100010
01001000011100010101110011010000
11101011100001001001111011100001
01000011110111011011001001101110
10000110111100000000011010111010
00000011110010010011001100011110
11111111111111101110101100111111
00101010010110001100010100101101
11110010101101010011001000010110
00110111001001001000000011001100
10001011101011110101001011100010
11111000110011101101001110101001
00001101111001101011110111000011
MESSAGE
01010010000101101111000101011100
01100101011111001100010100011111
10001100110010100110101101010110
00100001011110100100000011111100
11111000101000101000110011001100
00101011100010001100001100111001
01101001010010001101100100100000
10001111111011100111011011101001
11011000000000111001001100111111
00101010001111101000000001111011
01011110111000110011000010001100
11100111101100000100111010100010
01011111001011111000101111101000
00000000000000101101000111011101
10110011001110100000101011100110
10111110010001001111001111110000
00001101101110111011000111010000

