01111101001100010100100011010000 01111101001100010100100011010000  -4 00000000000000000000000000000000 ................................
11011100111110111100100111011100 11011100111110111100100111011100  -3 00000000000000000000000000000000 ................................
11100011100011101101111101000010 11100011100011101101111101000010  -2 00000000000000000000000000000000 ................................
01111111110101011011111001110001 01111111110101011011111001110001  -1 00000000000000000000000000000000 ...1........................0...
11001100001110110110011001011001 11001100001110110110011001011001   0 00000000000000000000000000000000 .^.0.1.......0.1...00.10.1..1..1
10001100001111100111111000001000 10011000001111100111111000001010   1 00010100000000000000000000000010 .0.+^-^^^^^^^1^0^^^11^10.0..1.+0
11111011111111111111111111111000 10111100000000000000000000101010   2 01000111111111111111111111010010 1-...+--------------------.-1.+0
01110011111111111111000101110010 00100011111111111111011110100000   3 01010000000000000000011011010010 .-.-.0.11111111111110++1+-1-00-0
11111110111111111111100000011101 10111110111111111111011111011111   4 01000000000000000000111111000010 .-...1.0111111111111-+++++0.1.+1
11011010101101110010010100101000 10011010101101110010010101111010   5 01000000000000000000000001010010 .-...0................0..+.+10+0
11100000111100101100110110010000 10110000111100101100110110000010   6 01010000000000000000000000010010 .-.+..................01100-.0+.
11111111100010111000110011001010 01111111100010111000110011001010   7 10000000000000000000000000000000 -1...1.....................0.0..
10110110011000100000101110111101 10100110011000100000101110111101   8 00010000000000000000000000000000 1.1-.1.......................1..
00111010010000010101011111000000 00011010010000010101011111000000   9 00100000000000000000000000000000 ..-..0..........................
01000000111000001110110001001011 01000000111000001110110001001011  10 00000000000000000000000000000000 ^...00.........................1
01111000011111110101101111100110 01011000011111110101101111100110  11 00100000000000000000000000000000 ..-.1..........................0
01111111011101010000000001001000 00111111011101010000000001001000  12 01000000000000000000000000000000 0-..1.........................!.
00101001101010100110011010010011 10101001101010100110011010010011  13 10000000000000000000000000000000 +..01...........................
10111110011100001101111000000000 10011110011100001101111000000000  14 00100000000000000000000000000000 ..-1..........................!.
00001000101011000101001111010010 10001000101011000101001111010010  15 10000000000000000000000000000000 +.0.1.........................!^
01010110010110100110011100011100 10010110010110100110011100011100  16 11000000000000000000000000000000 +-0.0.........................!.
00011001111010111001100110101001 10011001111010111001100110101001  17 10000000000000000000000000000000 +..1..........................^.
11001000010111110010111110001100 01101000010111110010111110001100  18 10100000000000000000000000000000 -.+0............................
11010110111000001001111111010100 01010110111000001001111111010100  19 10000000000000000000000000000000 -...m...........................
11010000100110000010001000010111 11110000100110000010001000010111  20 00100000000000000000000000000000 ..+.r...........................
10100011100111101110111010110001 10100011100111101110111010110001  21 00000000000000000000000000000000 ^.r.m...........................
10011100100011010001100111010111 10111100100011010001100111010111  22 00100000000000000000000000000000 ..+.r...........................
10011010100011100001001111101100 00011010100011100001001111101100  23 10000000000000000000000000000000 -...m..........................!
11011000110101100101001011010100 10111000110101100101001011010100  24 01100000000000000000000000000000 .-+.R...........................
00111000100110100000101010111011 00111000100110100000101010111011  25 00000000000000000000000000000000 ..r##...........................
01100110011001001110110100111101 01100110011001001110110100111101  26 00000000000000000000000000000000 ...rr...........................
11101001010111010000100111000001 01101001010111010000100111000001  27 10000000000000000000000000000000 -...............................
11100011100110001000010000100100 01100011100110001000010000100100  28 10000000000000000000000000000000 -.#.............................
01100110001100110111101001010100 01100110001100110111101001010100  29 00000000000000000000000000000000 ................................
01000010000010000001101000011010 01000010000010000001101000011010  30 00000000000000000000000000000000 ..R.............................
00011111010111000010011100010100 00011111010111000010011100010100  31 00000000000000000000000000000000 
10001110100000110000000010011011 01001110100000110000000010011011  32 11000000000000000000000000000000 
00001110010011000100110000011010 11001110010011000100110000010010  33 11000000000000000000000000001000 
00111101100011011111100011001001 01111101100011011111011111100001  34 01000000000000000000111100101000 
10110011100010001111011110101111 11100011100010001101101010111111  35 01010000000000000010110100010000 
10010001100100010011001100100011 01010001100011011000111000000011  36 11000000000111001011110100100000 
11101001010000001000111111010000 01001000110011000000010101100000  37 10100001100011001000101010110000 
01111101010110001101100010101010 01000010110000111101111011101110  38 00111111100110110000011001000100 
10000101010101111101001000010101 11000101001111101110101111000000  39 01000000011010010011100111010101 
00010001000010000111000111010000 10011011000100101010010010011100  40 10001010000110101101010101001100 
